Rr_xy_recover = 
2149
5973
-2575
-7631
-303
1612
-5809
-1075
4998
-3451
1050
-2752
-3574
4253
-13566
7333
4334
-11090
7239
-2769
2368
-1906
-130
1421
1394
-3051
2089
-4328
-855
4830
-121
-2243
-4526
223
3410
-2818
215
-1777
-1749
-2955
2903
-6505
1753
-1203
1152
3681
-14775
11750
1642
-2987
-299
4693
-3557
552
-997
1393
-2737
2798
1496
-552
948
3075
-2291
846
-941
-1492
-2254
-699
16
4448
-4104
-302
3286
-3266
-174
-7943
6157
6287
-9149
-325
3143
-5965
-949
2253
1745
-1691
1147
-3028
399
-1565
1754
-7148
-75
2243
-4668
26
234
1261
-250
1947
-1786
-973
1603
76
3207
-771
9256
-8066
-2635
1334
-3292
2873
4906
-8012
708
-339
-1319
910
925
-3952
-326
-1901
6075
-2015
-5439
865
-659
-2131
2164
1437
-4218
4853
1561
230
1431
115
-1042
487
3616
-746
380
-888
-3745
4910
261
910
759
1048
1421
-198
-5091
6517
-3984
-7246
1947
2344
-3171
2723
2504
-8543
4224
4793
-4951
1951
-4754
-409
1724
339
-940
-3629
-3053
4823
-2961
450
-1836
-3623
4335
2393
-2882
3189
1920
-2022
-3291
5916
4165
-6509
3070
2009
-6416
2306
-575
-3401
-1570
-1450
2892
-1433
933
-2005
-7292
-4387
7244
-5500
-2663
1515
-3692
5416
353
-5471
5276
-4429
1113
-1419
9838
-4090
-7526
1221
6399
-5230
-1278
-770
-2968
-4991
1976
-1504
-3315
2238
7008
-5201
339
6418
-139
-2381
5489
-631
2196
-4000
1255
1793
-2512
-4015
-5465
5107
-8206
-4773
3619
6179
-7683
-704
1233
2493
-6998
6011
-730
-1609
5079
873
-4350
-1254
8633
-3209
-6811
1970
5433
-3912
-7346
9112
-1174
-4131
895
2884
6096
-3747
-510
8428
-795
-9950
-99
3834
-212
-5353
3391
282
-3773
9422
-15280
8110
16135
5776
-1504
-3373
1068
5937
-7862
-3644
9919
-3732
-7398
7331
-367
-3080
-1249
31
98
-7858
-2983
4069
3476
-7073
2225
-1646
-2634
-3501
12387
-66428
125266
31435
-6531
-10137
4383
-3940
-34
-3968
-3995
4270
-11364
2858
6334
-4299
-654
1637
2078
-3098
-5109
1602
4621
-3982
-1074
5331
2618
-3329
-3615
15541
-100886
220923
-175688
-118672
-6102
-4449
11928
-3614
3993
-6115
8937
-12328
6630
4140
-10042
-1904
3249
-2132
-2864
-2693
4176
1081
-5168
1609
7372
-1213
1943
-960
7490
-61822
222606
-305966
-266525
529746
-115435
23704
6821
4572
-7217
5755
-4279
999
4364
-7137
1015
2478
499
1316
-744
3607
-1779
2416
-2612
6263
-5827
-929
1541
-2315
-9734
128093
-176979
-267887
1.36637e+06
-267887
-176979
128093
-9734
-2315
1541
-929
-5827
6263
-2612
2416
-1779
3607
-744
-508
499
2478
1015
-7137
4364
999
-4279
5755
-7217
4572
6821
23704
-115435
529746
-266525
-305966
222606
-61822
7490
-960
1943
-1213
7372
1609
-5168
1081
4176
-2693
-2864
-121
3249
-1904
-10042
4140
6630
-12328
8937
-6115
3993
-3614
11928
-4449
-6102
-118672
-175688
220923
-100886
15541
-3615
-3329
2618
5331
-1074
-3982
4621
1602
-5109
-3098
2078
-3184
-654
-4299
6334
2858
-11364
4270
-3995
-3968
-34
-3940
4383
-10137
-6531
31435
125266
-66428
12387
-3501
-2634
-1646
2225
-7073
3476
4069
-2983
-7858
98
31
-1249
5354
-367
7331
-7398
-3732
9919
-3644
-7862
5937
1068
-3373
-1504
5776
16135
8110
-15280
9422
-3773
282
3391
-5353
-212
3834
-99
-9950
-795
8428
-510
-3747
6096
-6809
895
-4131
-1174
9112
-7346
-3912
5433
1970
-6811
-3209
8633
-1254
-4350
873
5079
-1609
-730
6011
-6998
2493
1233
-704
-7683
6179
3619
-4773
-8206
5107
-5465
-3116
-2512
1793
1255
-4000
2196
-631
5489
-2381
-139
6418
339
-5201
7008
2238
-3315
-1504
1976
-4991
-2968
-770
-1278
-5230
6399
1221
-7526
-4090
9838
-1419
1113
3077
5276
-5471
353
5416
-3692
1515
-2663
-5500
7244
-4387
-7292
-2005
933
-1433
2892
-1450
-1570
-3401
-575
2306
-6416
2009
3070
-6509
4165
5916
-3291
-2022
1920
-6467
-2882
2393
4335
-3623
-1836
450
-2961
4823
-3053
-3629
-940
339
1724
-409
-4754
1951
-4951
4793
4224
-8543
2504
2723
-3171
2344
1947
-7246
-3984
6517
-5091
4863
1421
1048
759
910
261
4910
-3745
-888
380
-746
3616
487
-1042
115
1431
230
1561
4853
-4218
1437
2164
-2131
-659
865
-5439
-2015
6075
-1901
-326
-2662
925
910
-1319
-339
708
-8012
4906
2873
-3292
1334
-2635
-8066
9256
-771
3207
76
1603
-973
-1786
1947
-250
1261
234
26
-4668
2243
-75
-7148
1754
3461
399
-3028
1147
-1691
1745
2253
-949
-5965
3143
-325
-9149
6287
6157
-7943
-174
-3266
3286
-302
-4104
4448
16
-699
-2254
-1492
-941
846
-2291
3075
948
-7479
1496
2798
-2737
1393
-997
552
-3557
4693
-299
-2987
1642
11750
-14775
3681
1152
-1203
1753
-6505
2903
-2955
-1749
-1777
215
-2818
3410
223
-4526
-2243
-121
-1501
-855
-4328
2089
-3051
1394
1421
-130
-1906
2368
-2769
7239
-11090
4334
7333
-13566
4253
-3574
-2752
1050
-3451
4998
-1075
-5809
1612
-303
-7631
-2575
5973
2149
-968
