Rr_xy = 
2149
5973
-2575
-7631
-303
1612
-5809
-1075
4998
-3451
1050
-2752
-3574
4253
-13566
7333
4334
-11090
7239
-2769
2368
-1906
-130
1421
1394
-3051
2089
-4328
-855
4830
-121
-2243
-4526
223
3410
-2818
215
-1777
-1749
-2955
2903
-6505
1753
-1203
1152
3681
-14775
11750
1642
-2987
-299
4693
-3557
552
-997
1393
-2737
2798
1496
-552
948
3075
-2291
846
-941
-1492
-2254
-699
16
4448
-4104
-302
3286
-3266
-174
-7943
6157
6287
-9149
-325
3143
-5965
-949
2253
1745
-1691
1147
-3028
399
-1565
1754
-7148
-75
2243
-4668
26
234
1261
-250
1947
-1786
-973
1603
76
3207
-771
9256
-8066
-2635
1334
-3292
2873
4906
-8012
708
-339
-1319
910
925
-3952
-326
-1901
6075
-2015
-5439
865
-659
-2131
2164
1437
-4218
4853
1561
230
1431
115
-1042
487
3616
-746
380
-888
-3745
4910
261
910
759
1048
1421
-198
-5091
6517
-3984
-7246
1947
2344
-3171
2723
2504
-8543
4224
4793
-4951
1951
-4754
-409
1724
339
-940
-3629
-3053
4823
-2961
450
-1836
-3623
4335
2393
-2882
3189
1920
-2022
-3291
5916
4165
-6509
3070
2009
-6416
2306
-575
-3401
-1570
-1450
2892
-1433
933
-2005
-7292
-4387
7244
-5500
-2663
1515
-3692
5416
353
-5471
5276
-4429
1113
-1419
9838
-4090
-7526
1221
6399
-5230
-1278
-770
-2968
-4991
1976
-1504
-3315
2238
7008
-5201
339
6418
-139
-2381
5489
-631
2196
-4000
1255
1793
-2512
-4015
-5465
5107
-8206
-4773
3619
6179
-7683
-704
1233
2493
-6998
6011
-730
-1609
5079
873
-4350
-1254
8633
-3209
-6811
1970
5433
-3912
-7346
9112
-1174
-4131
895
2884
6096
-3747
-510
8428
-795
-9950
-99
3834
-212
-5353
3391
282
-3773
9422
-15280
8110
16135
5776
-1504
-3373
1068
5937
-7862
-3644
9919
-3732
-7398
7331
-367
-3080
-1249
31
98
-7858
-2983
4069
3476
-7073
2225
-1646
-2634
-3501
12387
-66428
125266
31435
-6531
-10137
4383
-3940
-34
-3968
-3995
4270
-11364
2858
6334
-4299
-654
1637
2078
-3098
-5109
1602
4621
-3982
-1074
5331
2618
-3329
-3615
15541
-100886
220923
-175688
-118672
-6102
-4449
11928
-3614
3993
-6115
8937
-12328
6630
4140
-10042
-1904
3249
-2132
-2864
-2693
4176
1081
-5168
1609
7372
-1213
1943
-960
7490
-61822
222606
-305966
-266525
529746
-115435
23704
6821
4572
-7217
5755
-4279
999
4364
-7137
1015
2478
499
1316
-744
3607
-1779
2416
-2612
6263
-5827
-929
1541
-2315
-9734
128093
-176979
-267887
1.36637e+06
-267887
-176979
128093
-9734
-2315
1541
-929
-5827
6263
-2612
2416
-1779
3607
-744
-508
499
2478
1015
-7137
4364
999
-4279
5755
-7217
4572
6821
23704
-115435
529746
-266525
-305966
222606
-61822
7490
-960
1943
-1213
7372
1609
-5168
1081
4176
-2693
-2864
-121
3249
-1904
-10042
4140
6630
-12328
8937
-6115
3993
-3614
11928
-4449
-6102
-118672
-175688
220923
-100886
15541
-3615
-3329
2618
5331
-1074
-3982
4621
1602
-5109
-3098
2078
-3184
-654
-4299
6334
2858
-11364
4270
-3995
-3968
-34
-3940
4383
-10137
-6531
31435
125266
-66428
12387
-3501
-2634
-1646
2225
-7073
3476
4069
-2983
-7858
98
31
-1249
5354
-367
7331
-7398
-3732
9919
-3644
-7862
5937
1068
-3373
-1504
5776
16135
8110
-15280
9422
-3773
282
3391
-5353
-212
3834
-99
-9950
-795
8428
-510
-3747
6096
-6809
895
-4131
-1174
9112
-7346
-3912
5433
1970
-6811
-3209
8633
-1254
-4350
873
5079
-1609
-730
6011
-6998
2493
1233
-704
-7683
6179
3619
-4773
-8206
5107
-5465
-3116
-2512
1793
1255
-4000
2196
-631
5489
-2381
-139
6418
339
-5201
7008
2238
-3315
-1504
1976
-4991
-2968
-770
-1278
-5230
6399
1221
-7526
-4090
9838
-1419
1113
3077
5276
-5471
353
5416
-3692
1515
-2663
-5500
7244
-4387
-7292
-2005
933
-1433
2892
-1450
-1570
-3401
-575
2306
-6416
2009
3070
-6509
4165
5916
-3291
-2022
1920
-6467
-2882
2393
4335
-3623
-1836
450
-2961
4823
-3053
-3629
-940
339
1724
-409
-4754
1951
-4951
4793
4224
-8543
2504
2723
-3171
2344
1947
-7246
-3984
6517
-5091
4863
1421
1048
759
910
261
4910
-3745
-888
380
-746
3616
487
-1042
115
1431
230
1561
4853
-4218
1437
2164
-2131
-659
865
-5439
-2015
6075
-1901
-326
-2662
925
910
-1319
-339
708
-8012
4906
2873
-3292
1334
-2635
-8066
9256
-771
3207
76
1603
-973
-1786
1947
-250
1261
234
26
-4668
2243
-75
-7148
1754
3461
399
-3028
1147
-1691
1745
2253
-949
-5965
3143
-325
-9149
6287
6157
-7943
-174
-3266
3286
-302
-4104
4448
16
-699
-2254
-1492
-941
846
-2291
3075
948
-7479
1496
2798
-2737
1393
-997
552
-3557
4693
-299
-2987
1642
11750
-14775
3681
1152
-1203
1753
-6505
2903
-2955
-1749
-1777
215
-2818
3410
223
-4526
-2243
-121
-1501
-855
-4328
2089
-3051
1394
1421
-130
-1906
2368
-2769
7239
-11090
4334
7333
-13566
4253
-3574
-2752
1050
-3451
4998
-1075
-5809
1612
-303
-7631
-2575
5973
2149
-968
Rr_noise_xy = 
-1702.17
61663.2
28271.5
-16041
29897.7
-29202.4
8947.75
54547.8
-48900.5
49258.6
31990.3
-14327.2
-44250.7
-56426.8
12225.9
-5863.74
-2495.4
48291.9
-19288.8
-12395.2
485.536
-17741.8
-47054.8
-29448.8
-47590.2
-6665.19
41321
9803.54
76183.8
-47045.1
18953.9
-42889.8
-29888.4
-2081.22
-8500.56
16134.9
30505.1
-68386.3
-15288.4
13778.4
10071.5
-7345.98
-57439.6
82773.1
-64449.4
-23364.1
52697.4
13455.8
-1853.69
-40068.8
57553.7
-6354.07
27316.2
-2808.16
63075.8
-17747.8
-31113.2
9517.13
1026.09
-35249.7
-13252.2
-51600.4
28792.4
7413.16
-28145.5
113445
-33797.6
1344.35
90202.8
-39748.2
-38403.1
9027.03
16189.7
-25154.1
-45472
52848.3
6846.19
29996.3
-4432.13
-38562.6
31570.3
-34941.7
15680.2
-16595.4
30842.1
-79583.2
-16746.9
17349.2
20162.6
3506.5
11600.2
17292.8
4827.15
-47070.8
32836.8
19941.1
12431
32374.5
-22686.5
29911.8
-21941.6
-53817.1
21428.5
327.614
-35252.8
-24583.1
45367
5735.75
6836.28
51083.3
-29425.5
9632.31
48791
41801.2
-1506.16
13455.6
22265.2
-63588.2
-2987.73
12497.4
-24337.1
-31897
-27339.6
-44314.9
13376
-48457.9
17261
-24453.7
-28774.6
-66916.2
-36017.3
41249.8
-20127.1
53744.5
-26052.4
40620.9
-41342.1
-6699.29
4695.27
60014.2
-19441.1
-61539.6
10975
43803
12888.3
26762.6
-89596.1
43253.5
-23798.3
-31578.8
25852.8
-2585.38
-8166.25
18186.1
-58559.6
21955.4
55642.1
2114.31
42880.1
-35785
68178.7
-30399.9
53495.7
-16035.3
-64553
28671.8
-54581.2
-34239.9
24030.9
-34989.9
-87260.7
59547.7
-28579.8
-29097.3
-39337.8
-15123.7
50734.6
19665
17620
12298
-61680.3
111100
94128.2
-35924.4
17667.7
25536.4
29196.3
43995.4
11276.8
-17191
30581.4
11197.2
-39911.1
-32374.1
15991
-9535.93
26466.1
-29107.6
8998.65
9598.9
-11224.6
16733.2
-20517.4
-33920.8
-66633.4
-37441.5
-14744.8
-41077.8
-7308.37
49394.5
41335.9
-10852
-59676.9
9634.34
42750.6
-32907.7
-22499.3
-4958.46
-32079.6
74399.2
-12200.4
13367.9
28839.7
-20428.6
-93140.7
26604.1
-9235.58
30092.2
99074.7
-11373.7
-8613.84
71883.8
66043.6
207.742
-50884.9
-14859.9
-2824.58
11682.8
22693.5
-16646.1
-14140.1
19703.4
42438.4
-57380.7
40920.9
-14638.2
-31062.9
-67864.3
20179.8
21630.5
7942.92
18154.4
1671.34
-29379.6
52037.1
-19493.4
-33845.2
21073.3
-51189.5
-48041.7
-36585.4
-13331.9
-63874.9
-18229.3
19284.5
24670.3
-23766.1
-19928.8
2090.08
40072.3
11181.8
27499.5
-49941.1
18760.8
-2812.83
-22208.9
80406.5
-50478.9
73024.5
28106.7
-10723.5
-6005.4
25495.4
71227.5
1455.4
24359.2
-47275.1
21381.6
49161.3
39998.6
-74339.6
-32565.6
-22354.9
-72025.7
15849.1
-33438.1
-63972.9
8427.06
63537.7
24493.8
42217.5
-43511.3
37742.4
-14978.3
-20320.6
30040.4
-72958
-3018.22
38235.8
-38130.4
42375.7
-56321.8
25313.7
2326.79
-19027.7
-15124.4
-13717.6
-15949.4
-30626.1
7415.53
44291.1
-17137
-24265.1
37671.8
34361.9
-25811.7
27320.7
-29214.9
38300.7
-14823.3
12335.5
6081.45
18618.2
14734
57449.5
-37983.8
-54642.5
42281.7
-5347.2
46620.5
-49279.8
-52201.5
-22811.3
51643.7
41637.6
-3324.91
-39866.9
-8570.97
207.13
-6914.52
-65951.9
37033.4
-17501.3
-19447.1
-8992.93
34612.3
12111.5
-29231.6
-42535.6
24603.4
69426.1
4649.83
-26882.7
-1861.88
18052.1
-80280.2
98426.7
4504.17
-14995.1
10312.3
-96738
-12869.5
26663.9
-1758.25
-39101.7
-20854.6
-2216.3
48045.7
-57110.3
41449.2
44631
19461.5
71348.7
-30142.1
28003.6
3119.29
-28283.4
-53939.9
-3809.83
58289.8
-3306.12
10054.3
-13564.7
-13272.5
-107143
-1737.69
-36057.4
-9314.88
1038.67
23574.4
76587.6
-1096.14
29847.8
1142.7
12095.1
-760.911
2911.68
-59402.5
-4836.57
-31014
-32329.6
92975.6
-5587.47
5782.04
52608.7
-8555.13
-4651.62
24096.6
52744.4
-67659.7
-14081.3
18874.2
3723.15
-16703
-15070.4
10452.6
2365.39
-24752.6
-50498.6
-2212.73
-8482.88
47712.4
-23168.9
1889.69
1853.69
30877.8
-12647.7
-31158.7
-11266.2
268.821
14798.2
-17808.3
3366.54
-51189.9
19981.4
20660.9
-39174.6
-2064.12
10683.3
-5558.46
32683
33246
8139.75
-16375.4
19309.9
-18272.4
-7524.18
23016.9
-45485.3
7727.87
19295.3
20600.1
12510.4
5771.71
22562.5
-57385.2
-47433.8
81052
19301.2
-5361.06
13885.5
-22884.8
36728.9
-19032.1
-9476.2
-19790.2
-58859
41374.2
12475.4
-39151.5
27430.5
26301.6
34006.1
50278.3
-68765.1
-7511.58
-18784.5
-105770
6679.95
38094.7
-62599.5
4474.51
-9246.48
-10549.3
-31503.3
-2109.94
67474.4
23456.8
-56941.7
-41383.8
-52722.8
7242.1
87038.5
20172.9
58907.8
-36073.4
26147.8
-3807.55
56901.3
-26468.1
-49393.1
29977.5
12794.1
40808.5
28869.1
17773.7
-24534.7
4585.35
34995.5
-17304.1
-990.957
-27657.9
14927.6
15217.3
6536.32
17731
-27109
3952.31
-14909.2
28172.5
2108.05
17182.6
27786.3
-33038
-26501.8
-18172.4
14700.3
17500.9
-16012.8
-80436.9
54136.2
-29998.3
-15980.6
27630
-10174.8
24188.8
2675.25
-12259.5
-56482.7
-63052.7
-14879.1
33886
64162.9
-42658.3
-24646.5
-23915.9
-47476.3
-49590.7
-2556.84
-34471.9
37446.1
70822.4
15014.3
47205.2
-64450.9
59912.2
5622.39
-5357.58
-38921.5
-25699.2
42521.3
-20183
-46563
-14412
3655.39
93088.5
-71741.6
3717.32
-53219.3
-3386.91
-13864.7
31925.6
-40677.7
34078.4
64950.6
33295.3
-27580.6
35584
34403.4
-6017.08
54010.7
5106.36
64521.2
-36325.8
15639.1
-12490.3
22414.2
-22984.4
31253.3
39979.1
-12128.9
-21320.6
25023.9
815.373
56639.1
-9272.98
55603.9
-22228.3
-51644.8
-32930
29125.3
-64795.3
25636.4
37340.2
-15853.4
-36971
27522.8
-4178.69
-7790.88
-15722.6
1126.76
-15418.8
10385.4
-28585.1
16205.3
-11394.2
27877.4
3463.12
-35564.3
10388.2
-8598.3
68097.3
-51107.1
-27706.8
-2826.82
34744.7
85301.8
12949.2
25145.4
-10936.3
-11393.8
-53369.4
-3820.63
5285.65
-15238.9
-71063.7
-34365.2
7402.09
-29634.8
11140.2
-55328.2
16457.1
108516
9724.66
4759.14
-23532.8
-5759.75
2073.88
-2046.45
10307.9
39591.1
-53674
-22394.1
41029.8
-26105.2
-7171.99
12148.9
-10951.3
-30162
2156.37
-16142.8
48339.9
-10970.5
45471.7
-48423.5
-431.515
-31466.4
164.764
62124.5
25455
-15942.5
17092.6
-3872.01
36647.7
12158.8
-35059
-12760.9
3850
25436.4
6536.78
-9028.39
-53470.9
-72765.7
-36095.1
53245.7
-17369.4
4142.26
-9240.35
5240.85
-2767.88
39338.9
-3810.86
6976.54
22596.5
-47447.3
-22925.7
1146.34
20867.1
14630
-45497.3
-20971
2832.36
15980.1
-28582.2
-792.489
55115.1
43064.6
1511.25
29166.9
26052.5
21140.3
-64090.3
-18483
49803.2
29775.3
-4663.24
-75455.4
64914.1
-19073.4
24513.5
7008.12
-36648.2
-9298.06
-11100.3
-12049.8
11509.2
7782.32
-35136.3
36353
11582.7
41937.6
20190.5
20065.5
-46026.8
-20654
27536.7
37940.7
-1081.17
47230.7
22427
-1343.11
10146.8
-16112.3
-24624.2
8181.82
-14070.8
7606.98
374.156
-5993.08
-37260.2
8754.99
-709.676
49660
76291.6
-8386.43
-33037.9
-14705.5
-51406
41733.1
-47620
-50473.6
73806.9
23029.3
3363.74
35111.6
-7873.67
-53516.1
35458.2
-42806.7
1758.21
25554.7
25256.7
9687.42
-7996.42
16889.3
-11891.9
450.042
-212.485
44740
12392.5
3019.75
-2454.77
8739.85
-41888
47802.5
33214.6
31150.3
50128.6
-78322.9
-7968.73
-12696.8
-29285.2
18858.4
56874.4
12238.6
-64346.6
-5535.34
7796.73
-76787.5
24625.1
