1.36637e+06
-278070
-187664
139883
-9539
-3303
7836
-547
-8560
6042
-3566
4184
-4023
9322
-7221
-1017
-7221
9322
-4023
4184
-3566
6042
-8560
-547
7836
-3303
-9539
139883
-187664
-278070
-277155
-329110
247834
-70726
8571
-4031
4162
-4135
9331
-2466
-5541
3454
5107
-6148
-57
1133
2224
-4796
4147
-5238
605
-1640
470
11001
-12852
6020
7336
27931
-129374
568721
-190786
248187
-117473
15258
-10643
2065
3569
3169
-6254
-3005
7990
-1152
-4846
-615
79
-7813
1927
585
-8277
2252
5124
-10501
8188
-11859
5472
-5363
12919
-1466
-10254
-131892
141176
-74407
11894
-5261
1164
3778
-4452
-7608
4224
5745
-3978
-7016
3610
-3235
-6223
7101
-2612
-1247
2680
-2086
-11887
4404
-11116
1407
-3935
-5527
11316
-19188
-8144
34864
-17607
8441
-846
2419
2822
-9702
-736
3448
3904
-7543
-2561
10709
-5656
-1912
10115
-12702
-1457
10232
-13306
-1528
15686
-6664
-109
2380
1780
5084
-10330
7370
23803
9549
1455
-540
757
-2249
-7193
4336
-1742
4099
-4867
-1913
9922
-10507
-10898
13302
-16895
-1148
10551
-14161
1626
16845
-9061
-6463
4958
-976
-1869
-12687
12427
1653
-6473
1937
-2471
1327
-8132
95
4999
-10235
3915
-2399
-4744
9309
-8265
-9335
16933
-11658
6658
4125
-11987
2468
4303
-12606
-1169
1898
2297
-2454
330
7965
-512
-7609
9671
-3692
6837
-10744
3819
4452
-13590
5450
-974
-6216
8539
-5316
1872
10595
-9545
5866
-1197
-11253
6752
-6497
-12352
9775
-1357
-241
-4705
1474
4909
-5313
-8645
2378
-6690
1270
-12670
7940
-3083
-7495
8869
-3593
-4473
5521
-4655
-5851
10690
-10806
-2958
348
-9275
11707
-12318
-3125
15496
-1754
-11561
-1102
2632
844
-3006
-3907
-2592
-1176
3589
2065
5965
1765
-6432
9810
-6073
-1070
-1222
538
-5020
8166
-6875
-7653
6656
-4741
4560
-5429
547
13203
-4327
-7774
-788
10429
3133
-117
-4961
-2689
11080
259
-3231
-6101
6255
-7680
5058
580
91
-2436
2290
2639
-509
1079
-11300
5700
-1011
-7589
4935
-4357
3630
-7392
-7724
3511
9479
-2114
-1802
-4095
-768
8666
-8263
-11914
9468
1023
-6179
1592
7263
-5314
-1388
2831
2870
-9492
3186
-6633
2502
-1571
-7488
4649
2988
-10202
-4890
-3152
7142
482
-9715
-3556
-3231
-5646
6992
-8223
-13739
8790
2354
-6928
1445
5970
-10586
-1472
-367
-1846
-9225
5418
-6829
-3130
-1282
-98
-4483
5122
-8694
-2881
5414
4148
-5360
-12281
1317
4315
-6182
6230
-8300
-3401
2672
8230
-14638
370
-7090
-13826
4650
-143
-2614
-6153
5452
-6037
-6774
-86
-3459
-5880
1610
1
-3755
602
964
-6015
-3057
3948
-1041
-3740
5348
-8988
-1187
3029
5548
-10956
3935
8548
-7090
8548
3935
-10956
5548
3029
-1187
-8988
5348
-3740
-1041
3948
-3057
-6015
964
602
-3755
1
1610
-5880
-3459
-86
-6774
-6037
5452
-6153
-2614
-143
4650
-13826
1445
370
-14638
8230
2672
-3401
-8300
6230
-6182
4315
1317
-12281
-5360
4148
5414
-2881
-8694
5122
-4483
-98
-1282
-3130
-6829
5418
-9225
-1846
-367
-1472
-10586
5970
-6179
-6928
2354
8790
-13739
-8223
6992
-5646
-3231
-3556
-9715
482
7142
-3152
-4890
-10202
2988
4649
-7488
-1571
2502
-6633
3186
-9492
2870
2831
-1388
-5314
7263
1592
6255
1023
9468
-11914
-8263
8666
-768
-4095
-1802
-2114
9479
3511
-7724
-7392
3630
-4357
4935
-7589
-1011
5700
-11300
1079
-509
2639
2290
-2436
91
580
5058
-7680
5965
-6101
-3231
259
11080
-2689
-4961
-117
3133
10429
-788
-7774
-4327
13203
547
-5429
4560
-4741
6656
-7653
-6875
8166
-5020
538
-1222
-1070
-6073
9810
-6432
1765
-12670
2065
3589
-1176
-2592
-3907
-3006
844
2632
-1102
-11561
-1754
15496
-3125
-12318
11707
-9275
348
-2958
-10806
10690
-5851
-4655
5521
-4473
-3593
8869
-7495
-3083
7940
6837
1270
-6690
2378
-8645
-5313
4909
1474
-4705
-241
-1357
9775
-12352
-6497
6752
-11253
-1197
5866
-9545
10595
1872
-5316
8539
-6216
-974
5450
-13590
4452
3819
-10744
-2471
-3692
9671
-7609
-512
7965
330
-2454
2297
1898
-1169
-12606
4303
2468
-11987
4125
6658
-11658
16933
-9335
-8265
9309
-4744
-2399
3915
-10235
4999
95
-8132
1327
1455
1937
-6473
1653
12427
-12687
-1869
-976
4958
-6463
-9061
16845
1626
-14161
10551
-1148
-16895
13302
-10898
-10507
9922
-1913
-4867
4099
-1742
4336
-7193
-2249
757
-540
-17607
9549
23803
7370
-10330
5084
1780
2380
-109
-6664
15686
-1528
-13306
10232
-1457
-12702
10115
-1912
-5656
10709
-2561
-7543
3904
3448
-736
-9702
2822
2419
-846
8441
141176
34864
-8144
-19188
11316
-5527
-3935
1407
-11116
4404
-11887
-2086
2680
-1247
-2612
7101
-6223
-3235
3610
-7016
-3978
5745
4224
-7608
-4452
3778
1164
-5261
11894
-74407
-190786
-131892
-10254
-1466
12919
-5363
5472
-11859
8188
-10501
5124
2252
-8277
585
1927
-7813
79
-615
-4846
-1152
7990
-3005
-6254
3169
3569
2065
-10643
15258
-117473
248187
-277155
568721
-129374
27931
7336
6020
-12852
11001
470
-1640
605
-5238
4147
-4796
2224
1133
-57
-6148
5107
3454
-5541
-2466
9331
-4135
4162
-4031
8571
-70726
247834
-329110
