49.9508 49.9508 0
49.9508 49.9508 0
49.9508 49.9508 0
49.9508 49.9508 49.9508
49.9508 49.9508 99.9017
49.9508 49.9508 149.853
49.9508 49.9508 199.803
49.9508 49.9508 249.754
49.9508 49.9508 199.803
49.9508 49.9508 149.853
49.9508 49.9508 99.9017
49.9508 49.9508 49.9508
49.9508 49.9508 292.005
49.9508 49.9508 292.005
49.9508 49.9508 292.005
49.9508 49.9508 296.246
49.9508 49.9508 308.621
49.9508 49.9508 328.211
49.9508 49.9508 353.819
49.9508 49.9508 384.245
49.9508 49.9508 353.819
49.9508 49.9508 328.211
49.9508 49.9508 308.621
49.9508 49.9508 296.246
49.9508 49.9508 30
49.9508 49.9508 30
49.9508 49.9508 30
49.9508 49.9508 58.2674
49.9508 49.9508 104.309
49.9508 49.9508 152.826
49.9508 49.9508 202.043
49.9508 49.9508 251.55
49.9508 49.9508 202.043
49.9508 49.9508 152.826
49.9508 49.9508 104.309
49.9508 49.9508 58.2674
49.9508 49.9508 299.611
49.9508 49.9508 299.611
49.9508 49.9508 299.611
49.9508 49.9508 303.746
49.9508 49.9508 315.828
49.9508 49.9508 334.996
49.9508 49.9508 360.122
49.9508 49.9508 390.056
49.9508 49.9508 360.122
49.9508 49.9508 334.996
49.9508 49.9508 315.828
49.9508 49.9508 303.746
49.9508 49.9508 0
49.9508 49.9508 49.9508
49.9508 49.9508 99.9017
49.9508 49.9508 149.853
49.9508 49.9508 199.803
49.9508 49.9508 249.754
49.9508 49.9508 199.803
49.9508 49.9508 149.853
49.9508 49.9508 99.9017
49.9508 49.9508 49.9508
49.9508 49.9508 0
49.9508 49.9508 292.005
49.9508 49.9508 292.005
49.9508 49.9508 296.246
49.9508 49.9508 308.621
49.9508 49.9508 328.211
49.9508 49.9508 353.819
49.9508 49.9508 384.245
49.9508 49.9508 353.819
49.9508 49.9508 328.211
49.9508 49.9508 308.621
49.9508 49.9508 296.246
49.9508 49.9508 292.005
49.9508 49.9508 30
49.9508 49.9508 30
49.9508 49.9508 58.2674
49.9508 49.9508 104.309
49.9508 49.9508 152.826
49.9508 49.9508 202.043
49.9508 49.9508 251.55
49.9508 49.9508 202.043
49.9508 49.9508 152.826
49.9508 49.9508 104.309
49.9508 49.9508 58.2674
49.9508 49.9508 30
49.9508 49.9508 299.611
49.9508 49.9508 299.611
49.9508 49.9508 303.746
49.9508 49.9508 315.828
49.9508 49.9508 334.996
49.9508 49.9508 360.122
49.9508 49.9508 390.056
49.9508 49.9508 360.122
49.9508 49.9508 334.996
49.9508 49.9508 315.828
49.9508 49.9508 303.746
49.9508 49.9508 299.611
49.9508 49.9508 0
49.9508 49.9508 0
49.9508 49.9508 49.9508
49.9508 49.9508 99.9017
49.9508 49.9508 149.853
49.9508 49.9508 299.705
49.9508 49.9508 249.754
49.9508 49.9508 199.803
49.9508 49.9508 149.853
49.9508 49.9508 99.9017
49.9508 49.9508 292.005
49.9508 49.9508 296.246
49.9508 49.9508 292.005
49.9508 49.9508 292.005
49.9508 49.9508 296.246
49.9508 49.9508 308.621
49.9508 49.9508 328.211
49.9508 49.9508 418.437
49.9508 49.9508 384.245
49.9508 49.9508 353.819
49.9508 49.9508 328.211
49.9508 49.9508 308.621
49.9508 49.9508 30
49.9508 49.9508 58.2674
49.9508 49.9508 30
49.9508 49.9508 30
49.9508 49.9508 58.2674
49.9508 49.9508 104.309
49.9508 49.9508 152.826
49.9508 49.9508 301.203
49.9508 49.9508 251.55
49.9508 49.9508 202.043
49.9508 49.9508 152.826
49.9508 49.9508 104.309
49.9508 49.9508 299.611
49.9508 49.9508 303.746
49.9508 49.9508 299.611
49.9508 49.9508 299.611
49.9508 49.9508 303.746
49.9508 49.9508 315.828
49.9508 49.9508 334.996
49.9508 49.9508 423.78
49.9508 49.9508 390.056
49.9508 49.9508 360.122
49.9508 49.9508 334.996
49.9508 49.9508 315.828
49.9508 49.9508 0
49.9508 49.9508 0
49.9508 49.9508 49.9508
49.9508 49.9508 99.9017
49.9508 49.9508 349.656
49.9508 49.9508 299.705
49.9508 49.9508 249.754
49.9508 49.9508 199.803
49.9508 49.9508 149.853
49.9508 49.9508 296.246
49.9508 49.9508 308.621
49.9508 49.9508 292.005
49.9508 49.9508 292.005
49.9508 49.9508 292.005
49.9508 49.9508 296.246
49.9508 49.9508 308.621
49.9508 49.9508 455.55
49.9508 49.9508 418.437
49.9508 49.9508 384.245
49.9508 49.9508 353.819
49.9508 49.9508 328.211
49.9508 49.9508 58.2674
49.9508 49.9508 104.309
49.9508 49.9508 30
49.9508 49.9508 30
49.9508 49.9508 30
49.9508 49.9508 58.2674
49.9508 49.9508 104.309
49.9508 49.9508 350.941
49.9508 49.9508 301.203
49.9508 49.9508 251.55
49.9508 49.9508 202.043
49.9508 49.9508 152.826
49.9508 49.9508 303.746
49.9508 49.9508 315.828
49.9508 49.9508 299.611
49.9508 49.9508 299.611
49.9508 49.9508 299.611
49.9508 49.9508 303.746
49.9508 49.9508 315.828
49.9508 49.9508 460.463
49.9508 49.9508 423.78
49.9508 49.9508 390.056
49.9508 49.9508 360.122
49.9508 49.9508 334.996
49.9508 49.9508 0
49.9508 49.9508 0
49.9508 49.9508 49.9508
49.9508 49.9508 399.607
49.9508 49.9508 349.656
49.9508 49.9508 299.705
49.9508 49.9508 249.754
49.9508 49.9508 199.803
49.9508 49.9508 308.621
49.9508 49.9508 328.211
49.9508 49.9508 296.246
49.9508 49.9508 292.005
49.9508 49.9508 292.005
49.9508 49.9508 292.005
49.9508 49.9508 296.246
49.9508 49.9508 494.927
49.9508 49.9508 455.55
49.9508 49.9508 418.437
49.9508 49.9508 384.245
49.9508 49.9508 353.819
49.9508 49.9508 104.309
49.9508 49.9508 152.826
49.9508 49.9508 58.2674
49.9508 49.9508 30
49.9508 49.9508 30
49.9508 49.9508 30
49.9508 49.9508 58.2674
49.9508 49.9508 400.731
49.9508 49.9508 350.941
49.9508 49.9508 301.203
49.9508 49.9508 251.55
49.9508 49.9508 202.043
49.9508 49.9508 315.828
49.9508 49.9508 334.996
49.9508 49.9508 303.746
49.9508 49.9508 299.611
49.9508 49.9508 299.611
49.9508 49.9508 299.611
49.9508 49.9508 303.746
49.9508 49.9508 499.452
49.9508 49.9508 460.463
49.9508 49.9508 423.78
49.9508 49.9508 390.056
49.9508 49.9508 360.122
49.9508 49.9508 0
49.9508 49.9508 0
49.9508 49.9508 449.558
49.9508 49.9508 399.607
49.9508 49.9508 349.656
49.9508 49.9508 299.705
49.9508 49.9508 249.754
49.9508 49.9508 328.211
49.9508 49.9508 353.819
49.9508 49.9508 308.621
49.9508 49.9508 296.246
49.9508 49.9508 292.005
49.9508 49.9508 292.005
49.9508 49.9508 292.005
49.9508 49.9508 536.068
49.9508 49.9508 494.927
49.9508 49.9508 455.55
49.9508 49.9508 418.437
49.9508 49.9508 384.245
49.9508 49.9508 152.826
49.9508 49.9508 202.043
49.9508 49.9508 104.309
49.9508 49.9508 58.2674
49.9508 49.9508 30
49.9508 49.9508 30
49.9508 49.9508 30
49.9508 49.9508 450.557
49.9508 49.9508 400.731
49.9508 49.9508 350.941
49.9508 49.9508 301.203
49.9508 49.9508 251.55
49.9508 49.9508 334.996
49.9508 49.9508 360.122
49.9508 49.9508 315.828
49.9508 49.9508 303.746
49.9508 49.9508 299.611
49.9508 49.9508 299.611
49.9508 49.9508 299.611
49.9508 49.9508 540.249
49.9508 49.9508 499.452
49.9508 49.9508 460.463
49.9508 49.9508 423.78
49.9508 49.9508 390.056
49.9508 49.9508 0
49.9508 49.9508 499.508
49.9508 49.9508 449.558
49.9508 49.9508 399.607
49.9508 49.9508 349.656
49.9508 49.9508 299.705
49.9508 49.9508 353.819
49.9508 49.9508 384.245
49.9508 49.9508 328.211
49.9508 49.9508 308.621
49.9508 49.9508 296.246
49.9508 49.9508 292.005
49.9508 49.9508 292.005
49.9508 49.9508 578.598
49.9508 49.9508 536.068
49.9508 49.9508 494.927
49.9508 49.9508 455.55
49.9508 49.9508 418.437
49.9508 49.9508 202.043
49.9508 49.9508 251.55
49.9508 49.9508 152.826
49.9508 49.9508 104.309
49.9508 49.9508 58.2674
49.9508 49.9508 30
49.9508 49.9508 30
49.9508 49.9508 500.409
49.9508 49.9508 450.557
49.9508 49.9508 400.731
49.9508 49.9508 350.941
49.9508 49.9508 301.203
49.9508 49.9508 360.122
49.9508 49.9508 390.056
49.9508 49.9508 334.996
49.9508 49.9508 315.828
49.9508 49.9508 303.746
49.9508 49.9508 299.611
49.9508 49.9508 299.611
49.9508 49.9508 582.473
49.9508 49.9508 540.249
49.9508 49.9508 499.452
49.9508 49.9508 460.463
49.9508 49.9508 423.78
49.9508 49.9508 0
49.9508 49.9508 0
49.9508 49.9508 49.9508
49.9508 49.9508 99.9017
49.9508 49.9508 149.853
49.9508 49.9508 384.245
49.9508 49.9508 353.819
49.9508 49.9508 418.437
49.9508 49.9508 455.55
49.9508 49.9508 494.927
49.9508 49.9508 536.068
49.9508 49.9508 578.598
49.9508 49.9508 292.005
49.9508 49.9508 292.005
49.9508 49.9508 296.246
49.9508 49.9508 308.621
49.9508 49.9508 328.211
49.9508 49.9508 251.55
49.9508 49.9508 202.043
49.9508 49.9508 301.203
49.9508 49.9508 350.941
49.9508 49.9508 400.731
49.9508 49.9508 450.557
49.9508 49.9508 500.409
49.9508 49.9508 30
49.9508 49.9508 30
49.9508 49.9508 58.2674
49.9508 49.9508 104.309
49.9508 49.9508 152.826
49.9508 49.9508 390.056
49.9508 49.9508 360.122
49.9508 49.9508 423.78
49.9508 49.9508 460.463
49.9508 49.9508 499.452
49.9508 49.9508 540.249
49.9508 49.9508 582.473
49.9508 49.9508 299.611
49.9508 49.9508 299.611
49.9508 49.9508 303.746
49.9508 49.9508 315.828
49.9508 49.9508 334.996
49.9508 49.9508 0
49.9508 49.9508 0
49.9508 49.9508 49.9508
49.9508 49.9508 99.9017
49.9508 49.9508 353.819
49.9508 49.9508 328.211
49.9508 49.9508 384.245
49.9508 49.9508 418.437
49.9508 49.9508 455.55
49.9508 49.9508 494.927
49.9508 49.9508 536.068
49.9508 49.9508 292.005
49.9508 49.9508 292.005
49.9508 49.9508 292.005
49.9508 49.9508 296.246
49.9508 49.9508 308.621
49.9508 49.9508 202.043
49.9508 49.9508 152.826
49.9508 49.9508 251.55
49.9508 49.9508 301.203
49.9508 49.9508 350.941
49.9508 49.9508 400.731
49.9508 49.9508 450.557
49.9508 49.9508 30
49.9508 49.9508 30
49.9508 49.9508 30
49.9508 49.9508 58.2674
49.9508 49.9508 104.309
49.9508 49.9508 360.122
49.9508 49.9508 334.996
49.9508 49.9508 390.056
49.9508 49.9508 423.78
49.9508 49.9508 460.463
49.9508 49.9508 499.452
49.9508 49.9508 540.249
49.9508 49.9508 299.611
49.9508 49.9508 299.611
49.9508 49.9508 299.611
49.9508 49.9508 303.746
49.9508 49.9508 315.828
49.9508 49.9508 0
49.9508 49.9508 0
49.9508 49.9508 49.9508
49.9508 49.9508 328.211
49.9508 49.9508 308.621
49.9508 49.9508 353.819
49.9508 49.9508 384.245
49.9508 49.9508 418.437
49.9508 49.9508 455.55
49.9508 49.9508 494.927
49.9508 49.9508 296.246
49.9508 49.9508 292.005
49.9508 49.9508 292.005
49.9508 49.9508 292.005
49.9508 49.9508 296.246
49.9508 49.9508 152.826
49.9508 49.9508 104.309
49.9508 49.9508 202.043
49.9508 49.9508 251.55
49.9508 49.9508 301.203
49.9508 49.9508 350.941
49.9508 49.9508 400.731
49.9508 49.9508 58.2674
49.9508 49.9508 30
49.9508 49.9508 30
49.9508 49.9508 30
49.9508 49.9508 58.2674
49.9508 49.9508 334.996
49.9508 49.9508 315.828
49.9508 49.9508 360.122
49.9508 49.9508 390.056
49.9508 49.9508 423.78
49.9508 49.9508 460.463
49.9508 49.9508 499.452
49.9508 49.9508 303.746
49.9508 49.9508 299.611
49.9508 49.9508 299.611
49.9508 49.9508 299.611
49.9508 49.9508 303.746
49.9508 49.9508 0
49.9508 49.9508 0
49.9508 49.9508 308.621
49.9508 49.9508 296.246
49.9508 49.9508 328.211
49.9508 49.9508 353.819
49.9508 49.9508 384.245
49.9508 49.9508 418.437
49.9508 49.9508 455.55
49.9508 49.9508 308.621
49.9508 49.9508 296.246
49.9508 49.9508 292.005
49.9508 49.9508 292.005
49.9508 49.9508 292.005
49.9508 49.9508 104.309
49.9508 49.9508 58.2674
49.9508 49.9508 152.826
49.9508 49.9508 202.043
49.9508 49.9508 251.55
49.9508 49.9508 301.203
49.9508 49.9508 350.941
49.9508 49.9508 104.309
49.9508 49.9508 58.2674
49.9508 49.9508 30
49.9508 49.9508 30
49.9508 49.9508 30
49.9508 49.9508 315.828
49.9508 49.9508 303.746
49.9508 49.9508 334.996
49.9508 49.9508 360.122
49.9508 49.9508 390.056
49.9508 49.9508 423.78
49.9508 49.9508 460.463
49.9508 49.9508 315.828
49.9508 49.9508 303.746
49.9508 49.9508 299.611
49.9508 49.9508 299.611
49.9508 49.9508 299.611
49.9508 49.9508 0
49.9508 49.9508 296.246
49.9508 49.9508 292.005
49.9508 49.9508 308.621
49.9508 49.9508 328.211
49.9508 49.9508 353.819
49.9508 49.9508 384.245
49.9508 49.9508 418.437
49.9508 49.9508 328.211
49.9508 49.9508 308.621
49.9508 49.9508 296.246
49.9508 49.9508 292.005
49.9508 49.9508 292.005
49.9508 49.9508 58.2674
49.9508 49.9508 30
49.9508 49.9508 104.309
49.9508 49.9508 152.826
49.9508 49.9508 202.043
49.9508 49.9508 251.55
49.9508 49.9508 301.203
49.9508 49.9508 152.826
49.9508 49.9508 104.309
49.9508 49.9508 58.2674
49.9508 49.9508 30
49.9508 49.9508 30
49.9508 49.9508 303.746
49.9508 49.9508 299.611
49.9508 49.9508 315.828
49.9508 49.9508 334.996
49.9508 49.9508 360.122
49.9508 49.9508 390.056
49.9508 49.9508 423.78
49.9508 49.9508 334.996
49.9508 49.9508 315.828
49.9508 49.9508 303.746
49.9508 49.9508 299.611
49.9508 49.9508 299.611
49.9508 49.9508 0
49.9508 49.9508 0
49.9508 49.9508 0
49.9508 49.9508 49.9508
49.9508 49.9508 99.9017
49.9508 49.9508 149.853
49.9508 49.9508 199.803
49.9508 49.9508 249.754
49.9508 49.9508 199.803
49.9508 49.9508 149.853
49.9508 49.9508 99.9017
49.9508 49.9508 49.9508
49.9508 49.9508 299.611
49.9508 49.9508 299.611
49.9508 49.9508 299.611
49.9508 49.9508 303.746
49.9508 49.9508 315.828
49.9508 49.9508 334.996
49.9508 49.9508 360.122
49.9508 49.9508 390.056
49.9508 49.9508 360.122
49.9508 49.9508 334.996
49.9508 49.9508 315.828
49.9508 49.9508 303.746
49.9508 49.9508 30
49.9508 49.9508 30
49.9508 49.9508 30
49.9508 49.9508 58.2674
49.9508 49.9508 104.309
49.9508 49.9508 152.826
49.9508 49.9508 202.043
49.9508 49.9508 251.55
49.9508 49.9508 202.043
49.9508 49.9508 152.826
49.9508 49.9508 104.309
49.9508 49.9508 58.2674
49.9508 49.9508 0
49.9508 49.9508 49.9508
49.9508 49.9508 99.9017
49.9508 49.9508 149.853
49.9508 49.9508 199.803
49.9508 49.9508 249.754
49.9508 49.9508 199.803
49.9508 49.9508 149.853
49.9508 49.9508 99.9017
49.9508 49.9508 49.9508
49.9508 49.9508 0
49.9508 49.9508 299.611
49.9508 49.9508 299.611
49.9508 49.9508 303.746
49.9508 49.9508 315.828
49.9508 49.9508 334.996
49.9508 49.9508 360.122
49.9508 49.9508 390.056
49.9508 49.9508 360.122
49.9508 49.9508 334.996
49.9508 49.9508 315.828
49.9508 49.9508 303.746
49.9508 49.9508 299.611
49.9508 49.9508 30
49.9508 49.9508 30
49.9508 49.9508 58.2674
49.9508 49.9508 104.309
49.9508 49.9508 152.826
49.9508 49.9508 202.043
49.9508 49.9508 251.55
49.9508 49.9508 202.043
49.9508 49.9508 152.826
49.9508 49.9508 104.309
49.9508 49.9508 58.2674
49.9508 49.9508 30
49.9508 49.9508 0
49.9508 49.9508 0
49.9508 49.9508 49.9508
49.9508 49.9508 99.9017
49.9508 49.9508 149.853
49.9508 49.9508 299.705
49.9508 49.9508 249.754
49.9508 49.9508 199.803
49.9508 49.9508 149.853
49.9508 49.9508 99.9017
49.9508 49.9508 299.611
49.9508 49.9508 303.746
49.9508 49.9508 299.611
49.9508 49.9508 299.611
49.9508 49.9508 303.746
49.9508 49.9508 315.828
49.9508 49.9508 334.996
49.9508 49.9508 423.78
49.9508 49.9508 390.056
49.9508 49.9508 360.122
49.9508 49.9508 334.996
49.9508 49.9508 315.828
49.9508 49.9508 30
49.9508 49.9508 58.2674
49.9508 49.9508 30
49.9508 49.9508 30
49.9508 49.9508 58.2674
49.9508 49.9508 104.309
49.9508 49.9508 152.826
49.9508 49.9508 301.203
49.9508 49.9508 251.55
49.9508 49.9508 202.043
49.9508 49.9508 152.826
49.9508 49.9508 104.309
49.9508 49.9508 0
49.9508 49.9508 0
49.9508 49.9508 49.9508
49.9508 49.9508 99.9017
49.9508 49.9508 349.656
49.9508 49.9508 299.705
49.9508 49.9508 249.754
49.9508 49.9508 199.803
49.9508 49.9508 149.853
49.9508 49.9508 303.746
49.9508 49.9508 315.828
49.9508 49.9508 299.611
49.9508 49.9508 299.611
49.9508 49.9508 299.611
49.9508 49.9508 303.746
49.9508 49.9508 315.828
49.9508 49.9508 460.463
49.9508 49.9508 423.78
49.9508 49.9508 390.056
49.9508 49.9508 360.122
49.9508 49.9508 334.996
49.9508 49.9508 58.2674
49.9508 49.9508 104.309
49.9508 49.9508 30
49.9508 49.9508 30
49.9508 49.9508 30
49.9508 49.9508 58.2674
49.9508 49.9508 104.309
49.9508 49.9508 350.941
49.9508 49.9508 301.203
49.9508 49.9508 251.55
49.9508 49.9508 202.043
49.9508 49.9508 152.826
49.9508 49.9508 0
49.9508 49.9508 0
49.9508 49.9508 49.9508
49.9508 49.9508 399.607
49.9508 49.9508 349.656
49.9508 49.9508 299.705
49.9508 49.9508 249.754
49.9508 49.9508 199.803
49.9508 49.9508 315.828
49.9508 49.9508 334.996
49.9508 49.9508 303.746
49.9508 49.9508 299.611
49.9508 49.9508 299.611
49.9508 49.9508 299.611
49.9508 49.9508 303.746
49.9508 49.9508 499.452
49.9508 49.9508 460.463
49.9508 49.9508 423.78
49.9508 49.9508 390.056
49.9508 49.9508 360.122
49.9508 49.9508 104.309
49.9508 49.9508 152.826
49.9508 49.9508 58.2674
49.9508 49.9508 30
49.9508 49.9508 30
49.9508 49.9508 30
49.9508 49.9508 58.2674
49.9508 49.9508 400.731
49.9508 49.9508 350.941
49.9508 49.9508 301.203
49.9508 49.9508 251.55
49.9508 49.9508 202.043
49.9508 49.9508 0
49.9508 49.9508 0
49.9508 49.9508 449.558
49.9508 49.9508 399.607
49.9508 49.9508 349.656
49.9508 49.9508 299.705
49.9508 49.9508 249.754
49.9508 49.9508 334.996
49.9508 49.9508 360.122
49.9508 49.9508 315.828
49.9508 49.9508 303.746
49.9508 49.9508 299.611
49.9508 49.9508 299.611
49.9508 49.9508 299.611
49.9508 49.9508 540.249
49.9508 49.9508 499.452
49.9508 49.9508 460.463
49.9508 49.9508 423.78
49.9508 49.9508 390.056
49.9508 49.9508 152.826
49.9508 49.9508 202.043
49.9508 49.9508 104.309
49.9508 49.9508 58.2674
49.9508 49.9508 30
49.9508 49.9508 30
49.9508 49.9508 30
49.9508 49.9508 450.557
49.9508 49.9508 400.731
49.9508 49.9508 350.941
49.9508 49.9508 301.203
49.9508 49.9508 251.55
49.9508 49.9508 0
49.9508 49.9508 499.508
49.9508 49.9508 449.558
49.9508 49.9508 399.607
49.9508 49.9508 349.656
49.9508 49.9508 299.705
49.9508 49.9508 360.122
49.9508 49.9508 390.056
49.9508 49.9508 334.996
49.9508 49.9508 315.828
49.9508 49.9508 303.746
49.9508 49.9508 299.611
49.9508 49.9508 299.611
49.9508 49.9508 582.473
49.9508 49.9508 540.249
49.9508 49.9508 499.452
49.9508 49.9508 460.463
49.9508 49.9508 423.78
49.9508 49.9508 202.043
49.9508 49.9508 251.55
49.9508 49.9508 152.826
49.9508 49.9508 104.309
49.9508 49.9508 58.2674
49.9508 49.9508 30
49.9508 49.9508 30
49.9508 49.9508 500.409
49.9508 49.9508 450.557
49.9508 49.9508 400.731
49.9508 49.9508 350.941
49.9508 49.9508 301.203
49.9508 49.9508 0
49.9508 49.9508 0
49.9508 49.9508 49.9508
49.9508 49.9508 99.9017
49.9508 49.9508 149.853
49.9508 49.9508 390.056
49.9508 49.9508 360.122
49.9508 49.9508 423.78
49.9508 49.9508 460.463
49.9508 49.9508 499.452
49.9508 49.9508 540.249
49.9508 49.9508 582.473
49.9508 49.9508 299.611
49.9508 49.9508 299.611
49.9508 49.9508 303.746
49.9508 49.9508 315.828
49.9508 49.9508 334.996
49.9508 49.9508 251.55
49.9508 49.9508 202.043
49.9508 49.9508 301.203
49.9508 49.9508 350.941
49.9508 49.9508 400.731
49.9508 49.9508 450.557
49.9508 49.9508 500.409
49.9508 49.9508 30
49.9508 49.9508 30
49.9508 49.9508 58.2674
49.9508 49.9508 104.309
49.9508 49.9508 152.826
49.9508 49.9508 0
49.9508 49.9508 0
49.9508 49.9508 49.9508
49.9508 49.9508 99.9017
49.9508 49.9508 360.122
49.9508 49.9508 334.996
49.9508 49.9508 390.056
49.9508 49.9508 423.78
49.9508 49.9508 460.463
49.9508 49.9508 499.452
49.9508 49.9508 540.249
49.9508 49.9508 299.611
49.9508 49.9508 299.611
49.9508 49.9508 299.611
49.9508 49.9508 303.746
49.9508 49.9508 315.828
49.9508 49.9508 202.043
49.9508 49.9508 152.826
49.9508 49.9508 251.55
49.9508 49.9508 301.203
49.9508 49.9508 350.941
49.9508 49.9508 400.731
49.9508 49.9508 450.557
49.9508 49.9508 30
49.9508 49.9508 30
49.9508 49.9508 30
49.9508 49.9508 58.2674
49.9508 49.9508 104.309
49.9508 49.9508 0
49.9508 49.9508 0
49.9508 49.9508 49.9508
49.9508 49.9508 334.996
49.9508 49.9508 315.828
49.9508 49.9508 360.122
49.9508 49.9508 390.056
49.9508 49.9508 423.78
49.9508 49.9508 460.463
49.9508 49.9508 499.452
49.9508 49.9508 303.746
49.9508 49.9508 299.611
49.9508 49.9508 299.611
49.9508 49.9508 299.611
49.9508 49.9508 303.746
49.9508 49.9508 152.826
49.9508 49.9508 104.309
49.9508 49.9508 202.043
49.9508 49.9508 251.55
49.9508 49.9508 301.203
49.9508 49.9508 350.941
49.9508 49.9508 400.731
49.9508 49.9508 58.2674
49.9508 49.9508 30
49.9508 49.9508 30
49.9508 49.9508 30
49.9508 49.9508 58.2674
49.9508 49.9508 0
49.9508 49.9508 0
49.9508 49.9508 315.828
49.9508 49.9508 303.746
49.9508 49.9508 334.996
49.9508 49.9508 360.122
49.9508 49.9508 390.056
49.9508 49.9508 423.78
49.9508 49.9508 460.463
49.9508 49.9508 315.828
49.9508 49.9508 303.746
49.9508 49.9508 299.611
49.9508 49.9508 299.611
49.9508 49.9508 299.611
49.9508 49.9508 104.309
49.9508 49.9508 58.2674
49.9508 49.9508 152.826
49.9508 49.9508 202.043
49.9508 49.9508 251.55
49.9508 49.9508 301.203
49.9508 49.9508 350.941
49.9508 49.9508 104.309
49.9508 49.9508 58.2674
49.9508 49.9508 30
49.9508 49.9508 30
49.9508 49.9508 30
49.9508 49.9508 0
49.9508 49.9508 303.746
49.9508 49.9508 299.611
49.9508 49.9508 315.828
49.9508 49.9508 334.996
49.9508 49.9508 360.122
49.9508 49.9508 390.056
49.9508 49.9508 423.78
49.9508 49.9508 334.996
49.9508 49.9508 315.828
49.9508 49.9508 303.746
49.9508 49.9508 299.611
49.9508 49.9508 299.611
49.9508 49.9508 58.2674
49.9508 49.9508 30
49.9508 49.9508 104.309
49.9508 49.9508 152.826
49.9508 49.9508 202.043
49.9508 49.9508 251.55
49.9508 49.9508 301.203
49.9508 49.9508 152.826
49.9508 49.9508 104.309
49.9508 49.9508 58.2674
49.9508 49.9508 30
49.9508 49.9508 30
49.9508 49.9508 0
49.9508 49.9508 0
49.9508 49.9508 0
49.9508 49.9508 49.9508
49.9508 49.9508 99.9017
49.9508 49.9508 149.853
49.9508 49.9508 199.803
49.9508 49.9508 249.754
49.9508 49.9508 199.803
49.9508 49.9508 149.853
49.9508 49.9508 99.9017
49.9508 49.9508 49.9508
49.9508 49.9508 309.946
49.9508 49.9508 309.946
49.9508 49.9508 309.946
49.9508 49.9508 313.945
49.9508 49.9508 325.649
49.9508 49.9508 344.271
49.9508 49.9508 368.766
49.9508 49.9508 398.05
49.9508 49.9508 368.766
49.9508 49.9508 344.271
49.9508 49.9508 325.649
49.9508 49.9508 313.945
49.9508 49.9508 0
49.9508 49.9508 49.9508
49.9508 49.9508 99.9017
49.9508 49.9508 149.853
49.9508 49.9508 199.803
49.9508 49.9508 249.754
49.9508 49.9508 199.803
49.9508 49.9508 149.853
49.9508 49.9508 99.9017
49.9508 49.9508 49.9508
49.9508 49.9508 0
49.9508 49.9508 309.946
49.9508 49.9508 309.946
49.9508 49.9508 313.945
49.9508 49.9508 325.649
49.9508 49.9508 344.271
49.9508 49.9508 368.766
49.9508 49.9508 398.05
49.9508 49.9508 368.766
49.9508 49.9508 344.271
49.9508 49.9508 325.649
49.9508 49.9508 313.945
49.9508 49.9508 309.946
49.9508 49.9508 0
49.9508 49.9508 0
49.9508 49.9508 49.9508
49.9508 49.9508 99.9017
49.9508 49.9508 149.853
49.9508 49.9508 299.705
49.9508 49.9508 249.754
49.9508 49.9508 199.803
49.9508 49.9508 149.853
49.9508 49.9508 99.9017
49.9508 49.9508 309.946
49.9508 49.9508 313.945
49.9508 49.9508 309.946
49.9508 49.9508 309.946
49.9508 49.9508 313.945
49.9508 49.9508 325.649
49.9508 49.9508 344.271
49.9508 49.9508 431.149
49.9508 49.9508 398.05
49.9508 49.9508 368.766
49.9508 49.9508 344.271
49.9508 49.9508 325.649
49.9508 49.9508 0
49.9508 49.9508 0
49.9508 49.9508 49.9508
49.9508 49.9508 99.9017
49.9508 49.9508 349.656
49.9508 49.9508 299.705
49.9508 49.9508 249.754
49.9508 49.9508 199.803
49.9508 49.9508 149.853
49.9508 49.9508 313.945
49.9508 49.9508 325.649
49.9508 49.9508 309.946
49.9508 49.9508 309.946
49.9508 49.9508 309.946
49.9508 49.9508 313.945
49.9508 49.9508 325.649
49.9508 49.9508 467.254
49.9508 49.9508 431.149
49.9508 49.9508 398.05
49.9508 49.9508 368.766
49.9508 49.9508 344.271
49.9508 49.9508 0
49.9508 49.9508 0
49.9508 49.9508 49.9508
49.9508 49.9508 399.607
49.9508 49.9508 349.656
49.9508 49.9508 299.705
49.9508 49.9508 249.754
49.9508 49.9508 199.803
49.9508 49.9508 325.649
49.9508 49.9508 344.271
49.9508 49.9508 313.945
49.9508 49.9508 309.946
49.9508 49.9508 309.946
49.9508 49.9508 309.946
49.9508 49.9508 313.945
49.9508 49.9508 505.72
49.9508 49.9508 467.254
49.9508 49.9508 431.149
49.9508 49.9508 398.05
49.9508 49.9508 368.766
49.9508 49.9508 0
49.9508 49.9508 0
49.9508 49.9508 449.558
49.9508 49.9508 399.607
49.9508 49.9508 349.656
49.9508 49.9508 299.705
49.9508 49.9508 249.754
49.9508 49.9508 344.271
49.9508 49.9508 368.766
49.9508 49.9508 325.649
49.9508 49.9508 313.945
49.9508 49.9508 309.946
49.9508 49.9508 309.946
49.9508 49.9508 309.946
49.9508 49.9508 546.048
49.9508 49.9508 505.72
49.9508 49.9508 467.254
49.9508 49.9508 431.149
49.9508 49.9508 398.05
49.9508 49.9508 0
49.9508 49.9508 499.508
49.9508 49.9508 449.558
49.9508 49.9508 399.607
49.9508 49.9508 349.656
49.9508 49.9508 299.705
49.9508 49.9508 368.766
49.9508 49.9508 398.05
49.9508 49.9508 344.271
49.9508 49.9508 325.649
49.9508 49.9508 313.945
49.9508 49.9508 309.946
49.9508 49.9508 309.946
49.9508 49.9508 587.857
49.9508 49.9508 546.048
49.9508 49.9508 505.72
49.9508 49.9508 467.254
49.9508 49.9508 431.149
49.9508 49.9508 0
49.9508 49.9508 0
49.9508 49.9508 49.9508
49.9508 49.9508 99.9017
49.9508 49.9508 149.853
49.9508 49.9508 398.05
49.9508 49.9508 368.766
49.9508 49.9508 431.149
49.9508 49.9508 467.254
49.9508 49.9508 505.72
49.9508 49.9508 546.048
49.9508 49.9508 587.857
49.9508 49.9508 309.946
49.9508 49.9508 309.946
49.9508 49.9508 313.945
49.9508 49.9508 325.649
49.9508 49.9508 344.271
49.9508 49.9508 0
49.9508 49.9508 0
49.9508 49.9508 49.9508
49.9508 49.9508 99.9017
49.9508 49.9508 368.766
49.9508 49.9508 344.271
49.9508 49.9508 398.05
49.9508 49.9508 431.149
49.9508 49.9508 467.254
49.9508 49.9508 505.72
49.9508 49.9508 546.048
49.9508 49.9508 309.946
49.9508 49.9508 309.946
49.9508 49.9508 309.946
49.9508 49.9508 313.945
49.9508 49.9508 325.649
49.9508 49.9508 0
49.9508 49.9508 0
49.9508 49.9508 49.9508
49.9508 49.9508 344.271
49.9508 49.9508 325.649
49.9508 49.9508 368.766
49.9508 49.9508 398.05
49.9508 49.9508 431.149
49.9508 49.9508 467.254
49.9508 49.9508 505.72
49.9508 49.9508 313.945
49.9508 49.9508 309.946
49.9508 49.9508 309.946
49.9508 49.9508 309.946
49.9508 49.9508 313.945
49.9508 49.9508 0
49.9508 49.9508 0
49.9508 49.9508 325.649
49.9508 49.9508 313.945
49.9508 49.9508 344.271
49.9508 49.9508 368.766
49.9508 49.9508 398.05
49.9508 49.9508 431.149
49.9508 49.9508 467.254
49.9508 49.9508 325.649
49.9508 49.9508 313.945
49.9508 49.9508 309.946
49.9508 49.9508 309.946
49.9508 49.9508 309.946
49.9508 49.9508 0
49.9508 49.9508 313.945
49.9508 49.9508 309.946
49.9508 49.9508 325.649
49.9508 49.9508 344.271
49.9508 49.9508 368.766
49.9508 49.9508 398.05
49.9508 49.9508 431.149
49.9508 49.9508 344.271
49.9508 49.9508 325.649
49.9508 49.9508 313.945
49.9508 49.9508 309.946
49.9508 49.9508 309.946
49.9508 49.9508 0
49.9508 49.9508 0
49.9508 49.9508 0
49.9508 49.9508 49.9508
49.9508 49.9508 99.9017
49.9508 49.9508 149.853
49.9508 49.9508 199.803
49.9508 49.9508 249.754
49.9508 49.9508 199.803
49.9508 49.9508 149.853
49.9508 49.9508 99.9017
49.9508 49.9508 49.9508
49.9508 49.9508 0
49.9508 49.9508 49.9508
49.9508 49.9508 99.9017
49.9508 49.9508 149.853
49.9508 49.9508 199.803
49.9508 49.9508 249.754
49.9508 49.9508 199.803
49.9508 49.9508 149.853
49.9508 49.9508 99.9017
49.9508 49.9508 49.9508
49.9508 49.9508 0
49.9508 49.9508 0
49.9508 49.9508 0
49.9508 49.9508 49.9508
49.9508 49.9508 99.9017
49.9508 49.9508 149.853
49.9508 49.9508 299.705
49.9508 49.9508 249.754
49.9508 49.9508 199.803
49.9508 49.9508 149.853
49.9508 49.9508 99.9017
49.9508 49.9508 0
49.9508 49.9508 0
49.9508 49.9508 49.9508
49.9508 49.9508 99.9017
49.9508 49.9508 349.656
49.9508 49.9508 299.705
49.9508 49.9508 249.754
49.9508 49.9508 199.803
49.9508 49.9508 149.853
49.9508 49.9508 0
49.9508 49.9508 0
49.9508 49.9508 49.9508
49.9508 49.9508 399.607
49.9508 49.9508 349.656
49.9508 49.9508 299.705
49.9508 49.9508 249.754
49.9508 49.9508 199.803
49.9508 49.9508 0
49.9508 49.9508 0
49.9508 49.9508 449.558
49.9508 49.9508 399.607
49.9508 49.9508 349.656
49.9508 49.9508 299.705
49.9508 49.9508 249.754
49.9508 49.9508 0
49.9508 49.9508 499.508
49.9508 49.9508 449.558
49.9508 49.9508 399.607
49.9508 49.9508 349.656
49.9508 49.9508 299.705
49.9508 49.9508 0
49.9508 49.9508 0
49.9508 49.9508 49.9508
49.9508 49.9508 99.9017
49.9508 49.9508 149.853
49.9508 49.9508 0
49.9508 49.9508 0
49.9508 49.9508 49.9508
49.9508 49.9508 99.9017
49.9508 49.9508 0
49.9508 49.9508 0
49.9508 49.9508 49.9508
49.9508 49.9508 0
49.9508 49.9508 0
49.9508 49.9508 0
