-2.10145
76.1274
34.9031
-19.8037
36.9107
-36.0523
11.0466
67.343
-60.3709
60.813
39.4941
-17.6879
-54.6304
-69.6627
15.0937
-7.23919
-3.08074
59.6197
-23.8133
-15.3027
0.599427
-21.9034
-58.0924
-36.3565
-58.7533
-8.22863
51.0135
12.1031
94.0541
-58.0804
23.3999
-52.9504
-36.8992
-2.5694
-10.4945
19.9197
37.6606
-84.4276
-18.8745
17.0103
12.434
-9.06911
-70.9131
102.189
-79.5671
-28.8446
65.0585
16.6121
-2.2885
-49.4676
71.0539
-7.84453
33.7237
-3.46686
77.8714
-21.9109
-38.4113
11.7495
1.26678
-43.5182
-16.3607
-63.7042
35.5462
9.15205
-34.7475
140.055
-41.7254
1.65969
111.362
-49.0719
-47.4112
11.1445
19.9873
-31.0545
-56.1383
65.2449
8.45208
37.0325
-5.47177
-47.6081
38.9757
-43.1379
19.3583
-20.4882
38.0767
-98.2509
-20.6752
21.4188
24.8921
4.32902
14.3212
21.3492
5.95945
-58.1121
40.5393
24.6187
15.3469
39.9685
-28.0081
36.9281
-27.0884
-66.4408
26.455
0.404462
-43.522
-30.3495
56.0087
7.08117
8.43986
63.0658
-36.3278
11.8917
60.2358
51.6064
-1.85946
16.6118
27.4879
-78.504
-3.68855
15.4289
-30.0458
-39.379
-33.7526
-54.7098
16.5136
-59.8246
21.3099
-30.1897
-35.5242
-82.6126
-44.4658
50.9256
-24.8483
66.3512
-32.1635
50.1492
-51.0396
-8.27072
5.79663
74.0917
-24.0014
-75.9748
13.5494
54.0778
15.9115
33.0402
-110.612
53.3993
-29.3806
-38.9862
31.917
-3.19183
-10.0818
22.4519
-72.2958
27.1055
68.6939
2.61026
52.9383
-44.1791
84.1712
-37.5307
66.0441
-19.7967
-79.695
35.3973
-67.3841
-42.2715
29.6678
-43.1974
-107.729
73.5157
-35.2837
-35.9226
-48.5652
-18.6713
62.6353
24.2778
21.753
15.1827
-76.1485
137.16
116.208
-44.3511
21.812
31.5264
36.0448
54.3153
13.922
-21.2234
37.7549
13.8237
-49.273
-39.968
19.742
-11.7727
32.6742
-35.9353
11.1094
11.8505
-13.8575
20.6583
-25.3301
-41.8776
-82.2635
-46.2241
-18.2035
-50.7134
-9.02268
60.9809
51.032
-13.3975
-73.6752
11.8943
52.7786
-40.6268
-27.7769
-6.12156
-39.6045
91.8509
-15.0623
16.5035
35.6046
-25.2205
-114.989
32.8445
-11.4019
37.1508
122.314
-14.0416
-10.6344
88.7454
81.5353
0.256471
-62.8209
-18.3456
-3.48714
14.4232
28.0167
-20.5508
-17.4569
24.3252
52.393
-70.8403
50.5196
-18.0718
-38.3492
-83.7831
24.9133
26.7043
9.80608
22.4128
2.06338
-36.2711
64.2433
-24.0659
-41.7843
26.0165
-63.197
-59.3107
-45.1672
-16.4592
-78.8579
-22.5053
23.8081
30.4572
-29.3408
-24.6035
2.58034
49.472
13.8047
33.95
-61.6557
23.1614
-3.47263
-27.4184
99.2673
-62.3197
90.1537
34.6996
-13.2389
-7.41407
31.4758
87.9352
1.79679
30.0731
-58.3644
26.3971
60.693
49.381
-91.7773
-40.2045
-27.5987
-88.9207
19.5667
-41.2816
-78.9788
10.4038
78.4416
30.2393
52.1204
-53.7176
46.5956
-18.4917
-25.0872
37.0869
-90.0716
-3.7262
47.2047
-47.0746
52.3156
-69.533
31.2515
2.87258
-23.4909
-18.6721
-16.9352
-19.6906
-37.81
9.15498
54.6804
-21.1568
-29.9569
46.5084
42.4221
-31.8663
33.7292
-36.0678
47.2848
-18.3003
15.229
7.50797
22.9855
18.1901
70.9253
-46.8935
-67.4599
52.1996
-6.60149
57.5562
-60.8392
-64.4463
-28.1621
63.7576
51.4044
-4.10483
-49.2184
-10.5814
0.255716
-8.53645
-81.4222
45.7203
-21.6066
-24.0088
-11.1024
42.7312
14.9524
-36.0884
-52.5131
30.3746
85.7113
5.74053
-33.1885
-2.29862
22.2865
-99.1114
121.514
5.5607
-18.5124
12.7312
-119.43
-15.8883
32.9184
-2.17068
-48.2738
-25.7464
-2.73617
59.3156
-70.5066
51.1718
55.0999
24.0265
88.0848
-37.2125
34.5724
3.85098
-34.9178
-66.5925
-4.7035
71.9627
-4.08163
12.4127
-16.7466
-16.3859
-132.276
-2.1453
-44.5153
-11.4999
1.28231
29.1042
94.5525
-1.35326
36.8491
1.41074
14.9323
-0.939396
3.59467
-73.3364
-5.97107
-38.2889
-39.913
114.785
-6.89811
7.13832
64.949
-10.5619
-5.74274
29.7489
65.1166
-83.5305
-17.3844
23.3015
4.59648
-20.621
-18.6054
12.9044
2.92024
-30.5588
-62.344
-2.73176
-10.4727
58.9042
-28.6035
2.33295
2.2885
38.1207
-15.6145
-38.4675
-13.9088
0.331877
18.2693
-21.9855
4.15622
-63.1974
24.6684
25.5072
-48.3637
-2.5483
13.1893
-6.86229
40.3494
41.0445
10.0491
-20.2166
23.8394
-22.5585
-9.28911
28.4159
-56.1547
9.54058
23.8214
25.4323
15.4449
7.12556
27.8549
-70.8459
-58.5603
100.064
23.8286
-6.6186
17.1425
-28.2529
45.3443
-23.4964
-11.699
-24.4324
-72.6654
51.0792
15.4017
-48.3352
33.8648
32.4712
41.9829
62.072
-84.8952
-9.27355
-23.1908
-130.58
8.24685
47.0304
-77.2833
5.52409
-11.4154
-13.0239
-38.8929
-2.60487
83.3017
28.959
-70.2983
-51.0911
-65.0899
8.94086
107.455
24.9048
72.7257
-44.5351
32.2812
-4.70068
70.2485
-32.6766
-60.9792
37.0093
15.7952
50.3808
35.6409
21.9428
-30.2898
5.66093
43.2044
-21.3631
-1.2234
-34.1456
18.4292
18.7868
8.06953
21.8902
-33.4679
4.87939
-18.4064
34.7808
2.60253
21.2131
34.3041
-40.7877
-32.7183
-22.4351
18.1486
21.606
-19.7689
-99.3048
66.8349
-37.0349
-19.7292
34.1111
-12.5614
29.8627
3.30278
-15.1352
-69.7317
-77.8428
-18.3693
41.8346
79.2134
-52.6646
-30.4278
-29.5258
-58.6127
-61.2231
-3.1566
-42.5579
46.2297
87.435
18.5361
58.278
-79.569
73.9657
6.94122
-6.61429
-48.0513
-31.7274
52.4954
-24.9173
-57.4851
-17.7926
4.51282
114.924
-88.5698
4.58928
-65.7029
-4.18137
-17.117
39.4144
-50.2194
42.0721
80.1859
41.1053
-34.0501
43.9308
42.4734
-7.42849
66.6799
6.30415
79.6558
-44.8467
19.3075
-15.4201
27.6718
-28.3758
38.5843
49.3569
-14.9739
-26.3217
30.8937
1.00663
69.9248
-11.4481
68.6468
-27.4423
-63.7591
-40.6544
35.9572
-79.9942
31.6499
46.099
-19.5722
-45.6432
33.9788
-5.15888
-9.61837
-19.4106
1.39106
-19.0355
12.8215
-35.2903
20.0065
-14.0669
34.4166
4.27546
-43.9065
12.825
-10.6152
84.0708
-63.0952
-34.2059
-3.4899
42.8947
105.311
15.9867
31.0436
-13.5016
-14.0664
-65.8882
-4.71683
6.52549
-18.8134
-87.733
-42.4261
9.13838
-36.5862
13.7534
-68.3064
20.3174
133.97
12.0058
5.87548
-29.0528
-7.1108
2.56034
-2.52649
12.7258
48.8779
-66.2642
-27.6471
50.6541
-32.2286
-8.85431
14.9986
-13.5201
-37.237
2.66219
-19.9294
59.6789
-13.5438
56.138
-59.7821
-0.532734
-38.8474
0.203413
76.6969
31.4259
-19.6822
21.102
-4.78025
45.244
15.0108
-43.2827
-15.7543
4.75309
31.403
8.0701
-11.1462
-66.0134
-89.8342
-44.5619
65.7355
-21.4437
5.1139
-11.4078
6.47019
-3.41714
48.5666
-4.70477
8.61302
27.8969
-58.5769
-28.3033
1.41523
25.7619
18.0617
-56.1696
-25.8901
3.49674
19.7285
-35.2867
-0.978381
68.0434
53.1661
1.86574
36.0086
32.1636
26.0992
-79.1238
-22.8186
61.4854
36.7597
-5.75709
-93.1548
80.1409
-23.5474
30.2636
8.652
-45.2447
-11.4791
-13.704
-14.8763
14.2089
9.6078
-43.3781
44.8802
14.2997
51.7748
24.9266
24.7722
-56.8233
-25.4988
33.9959
46.8404
-1.33478
58.3094
27.6876
-1.65816
12.5269
-19.8917
-30.4003
10.101
-17.3714
9.39133
0.461921
-7.39887
-46.0003
10.8086
-0.876143
61.3087
94.1871
-10.3536
-40.7876
-18.1549
-63.4643
51.5224
-58.7901
-62.313
91.1196
28.4312
4.15276
43.3476
-9.72057
-66.0693
43.7756
-52.8478
2.17063
31.549
31.1811
11.9598
-9.87212
20.8509
-14.6814
0.555608
-0.262327
55.2346
15.2994
3.72808
-3.03058
10.7899
-51.7136
59.0154
41.0057
38.4572
61.8872
-96.6949
-9.83794
-15.675
-36.1545
23.282
70.2153
15.1094
-79.4403
-6.83375
9.6256
-94.7994
30.4013

